  1948         2026
 1948    -0.38   -0.37   -0.10   -1.16   -1.61   -2.20   -4.30   -5.71   -4.86   -5.09   -3.63   -0.67
 1949    -0.33   -0.29   -0.66   -0.57   -1.79   -2.59   -3.74   -5.38   -3.89   -4.85   -2.88   -0.71
 1950    -0.38   -0.49   -1.34   -3.04   -3.38   -4.19   -4.83   -5.86   -3.64   -5.19   -2.65   -0.71
 1951    -0.38   -0.49   -1.30   -1.80   -2.04   -2.60   -2.76   -1.01   -1.61   -1.47   -0.77   -0.37
 1952    -0.27   -0.41   -0.67   -0.74   -0.85   -1.16   -2.85   -0.81   -0.66   -1.34   -0.80   -0.44
 1953    -0.38   -0.29    0.22    0.45   -1.04   -1.49   -2.38   -1.61   -1.76   -2.60   -0.61   -0.48
 1954    -0.33   -0.48   -1.15   -2.62   -2.43   -3.73   -4.43   -4.04   -3.81   -6.92   -3.83   -0.62
 1955    -0.38   -0.49   -1.23   -3.31   -2.91   -3.90   -4.62   -4.14   -3.74   -3.43   -1.21   -0.71
 1956    -0.38   -0.49   -0.99   -2.48   -2.63   -4.53   -4.55   -4.77   -5.00   -4.09   -3.52   -0.62
 1957    -0.38   -0.44   -0.24   -0.92   -0.50   -0.67   -1.02   -0.80    0.03   -0.43   -0.23   -0.05
 1958    -0.06    0.03    1.44    0.44    1.33    3.76    0.27    0.29   -0.29   -1.31   -0.64   -0.22
 1959    -0.00    0.20    0.62   -0.30   -0.99   -2.05   -1.51   -3.71   -1.90   -2.88   -1.63   -0.55
 1960    -0.35   -0.39   -1.00   -1.87    0.01   -1.80   -1.72   -1.82   -1.69   -1.79   -1.03   -0.40
 1961    -0.22   -0.14   -0.77   -1.12   -1.39   -2.51   -3.58   -2.85   -3.29   -3.49   -2.06   -0.71
 1962    -0.38   -0.38   -0.91   -2.64   -2.50   -2.28   -1.71   -0.72   -1.66   -1.60   -0.73   -0.62
 1963    -0.38   -0.49   -0.45   -0.71   -1.15   -1.55   -2.92   -0.76   -1.02   -1.30    0.07   -0.48
 1964    -0.28   -0.33   -0.34   -1.56   -2.24   -2.87   -3.17   -4.36   -4.12   -4.48   -3.21   -0.71
 1965    -0.38   -0.49   -1.01   -0.91   -0.77   -3.60   -3.29   -4.38   -3.65   -2.37   -1.18   -0.07
 1966    -0.04   -0.12   -0.06   -0.78   -2.01   -3.18   -2.89   -2.78   -2.33   -2.63   -0.70   -0.71
 1967    -0.38   -0.45   -1.13   -2.24   -2.59   -3.94   -4.67   -6.00   -4.44   -3.41   -2.10   -0.68
 1968    -0.38   -0.49   -1.34   -3.71   -3.61   -4.23   -3.62   -3.23   -1.85   -2.44   -1.09   -0.53
 1969    -0.29   -0.18    1.68    0.99    3.15    2.28    1.98   -1.29   -0.61   -1.80    0.14   -0.57
 1970    -0.38   -0.48   -1.11   -1.52   -2.23   -3.10   -3.96   -3.79   -3.32   -3.20   -2.07   -0.71
 1971    -0.38   -0.49   -1.34   -3.67   -3.47   -3.99   -4.22   -6.24   -7.10   -6.43   -3.78   -0.71
 1972    -0.33   -0.49   -0.95   -0.79   -0.96   -3.39   -3.33   -4.70   -4.33   -1.53   -0.95    0.27
 1973    -0.06   -0.13    0.65   -0.91   -1.35   -3.05   -3.24   -4.31   -3.79   -5.01   -3.32   -0.68
 1974    -0.38   -0.49   -1.21   -1.88   -2.65   -3.73   -5.51   -6.44   -7.46   -6.69   -3.73   -0.56
 1975    -0.38   -0.49   -0.70   -1.33   -2.36   -3.20   -5.25   -6.85   -6.58   -6.19   -3.97   -0.71
 1976    -0.38   -0.49   -1.24   -2.18   -2.18   -3.78   -5.02   -5.50   -6.55   -2.84   -1.81   -0.63
 1977    -0.34   -0.34   -0.96   -2.27   -2.09   -3.57   -3.32   -5.23   -4.40   -3.71   -2.36   -0.37
 1978    -0.36   -0.40   -1.01   -1.89   -2.13   -2.49   -4.02   -5.27   -5.59   -4.58   -3.14   -0.49
 1979    -0.38   -0.41   -1.11   -1.13   -1.66   -2.78   -3.25   -4.15   -4.87   -2.63   -2.13   -0.60
 1980    -0.32   -0.37   -0.96   -1.21   -0.16   -0.81   -2.69   -2.91   -1.86   -2.86   -1.61   -0.55
 1981    -0.38   -0.49   -1.12   -2.32   -1.88   -2.80   -3.41   -3.66   -2.29   -3.67   -1.72   -0.53
 1982    -0.38   -0.33   -0.73   -0.44   -0.67   -2.14   -3.12   -5.25   -5.23   -5.29   -3.19    0.08
 1983     1.42    3.00    4.09    2.63    2.99    2.82    0.69   -1.27   -2.90   -3.02   -1.87   -0.11
 1984    -0.38   -0.49   -0.89   -1.17   -1.95   -4.62   -5.78   -7.52   -9.18   -8.40   -3.90   -0.71
 1985    -0.38   -0.49   -1.29   -3.53   -3.03   -3.62   -4.96   -6.02   -6.17   -6.02   -3.61   -0.63
 1986    -0.38   -0.49   -1.14   -2.92   -2.12   -3.97   -3.97   -5.52   -4.16   -5.07   -3.30   -0.37
 1987    -0.23    0.00    1.43    1.33    1.57    1.15    1.35    1.90    2.35    1.13    1.65    0.34
 1988     0.11   -0.19    0.39   -1.13   -0.98   -2.31   -3.05   -4.20   -4.93   -5.38   -3.55   -0.59
 1989    -0.38   -0.49   -1.29   -3.02   -2.41   -3.86   -4.00   -4.18   -5.19   -3.86   -2.36   -0.36
 1990    -0.32   -0.31   -0.68   -0.38   -0.64   -1.15   -2.05   -2.79   -0.23   -0.36   -1.10   -0.36
 1991    -0.23   -0.22    0.06   -0.14   -0.42   -0.51   -1.82   -3.73   -3.76   -4.41   -3.64   -0.68
 1992    -0.24   -0.08    0.18    1.62    0.83   -1.03   -1.92   -4.52   -3.61   -2.54   -2.28   -0.31
 1993    -0.34   -0.16   -0.17    1.08    1.00   -1.06   -2.22   -3.62   -2.89   -2.46   -2.41   -0.24
 1994    -0.32   -0.40   -0.61   -0.57   -0.91   -1.05   -1.74   -3.80   -2.82   -2.28   -2.11   -0.12
 1995    -0.16   -0.11   -0.48   -0.62   -0.98   -0.42    0.05   -0.21   -1.48   -1.06   -1.04   -0.40
 1996    -0.38   -0.44   -0.79   -1.61   -1.42   -2.22   -3.85   -5.36   -2.23   -3.46   -3.51   -0.53
 1997    -0.38   -0.39   -0.17   -0.45    1.03    1.76    2.10    1.84    3.05    3.00    2.91    2.97
 1998     3.43    4.75    5.07    3.71    3.34    3.37    3.39    2.57    0.24    0.30   -0.28   -0.43
 1999    -0.38   -0.41   -0.62   -1.60   -1.96   -1.28   -2.75   -0.16   -1.61   -2.84   -1.91   -0.60
 2000    -0.38   -0.49   -1.18   -1.16   -1.43   -3.12   -3.33   -2.12   -1.92   -2.12   -1.20   -0.36
 2001    -0.38   -0.43   -0.81   -1.00   -1.81   -1.49   -2.06   -0.28    0.02   -0.98    0.08   -0.40
 2002    -0.33   -0.33   -0.30   -0.29   -0.64   -2.36   -1.96   -2.58   -1.36   -0.04   -0.70   -0.37
 2003    -0.23   -0.17    0.87   -0.66   -1.18   -0.58   -0.65    1.37    0.65    1.67    1.09   -0.37
 2004    -0.33   -0.38   -0.72   -0.47   -0.84   -0.86   -0.44    1.25    0.57    0.09    0.90   -0.31
 2005    -0.24   -0.40   -0.00    0.30    1.99    2.41    3.19    1.64    1.27   -0.63   -0.34   -0.63
 2006    -0.38   -0.49   -0.90   -1.20   -0.66   -1.05   -0.49    1.08    1.85    2.12    1.36   -0.33
 2007    -0.24   -0.18   -0.66   -0.65   -1.10   -1.84   -1.01   -1.72   -1.40   -1.70   -1.40   -0.55
 2008    -0.38   -0.46   -0.91   -0.95   -1.45   -1.99   -1.68    0.18   -0.41   -0.45   -0.02   -0.69
 2009    -0.38   -0.49   -1.13   -1.23   -0.86   -0.15    1.13    0.92    0.77    1.83    1.31    0.40
 2010    -0.20    0.46    1.52    2.91    5.03    5.30    3.28    1.76    0.13   -0.12    0.40   -0.29
 2011    -0.38   -0.46   -1.23   -1.85   -1.10    0.13    0.02    0.28   -1.70   -1.40   -0.20   -0.65
 2012    -0.36   -0.32   -0.85   -0.69   -0.85   -0.17    0.22    1.20    1.64    1.46    2.02   -0.22
 2013    -0.34   -0.28   -0.97   -0.72   -1.50   -1.43   -2.34    0.47    0.79    1.20    0.28   -0.30
 2014    -0.21   -0.09    0.17    0.37    0.47   -0.03    1.11    1.38    1.86    1.82    1.04   -0.19
 2015     0.11   -0.10   -0.52    1.18    1.50    2.95    3.03    3.64    5.70    6.06    5.50    4.65
 2016     3.80    1.24    3.68    1.41    1.96    3.47    3.71    2.24    1.18    2.88    1.82    0.70
 2017    -0.22    0.25    0.27    0.67    0.69   -0.23    2.25    1.66    0.59    0.04    0.86   -0.20
 2018    -0.27   -0.24   -0.27   -0.20   -0.64   -1.09   -1.91   -0.55    2.18    0.56   -0.34    0.02
 2019     0.16    0.42    0.55    1.31    0.15    2.21    3.36    2.64    2.24    2.04    1.28    0.68
 2020     0.13    0.39    0.95    1.50    1.77    2.39    3.33    2.55    0.44    1.40    0.49   -0.23
 2021    -0.38   -0.49   -0.90   -1.49   -0.84   -1.45   -1.00    0.56    1.62    1.26    0.45   -0.05
 2022    -0.03   -0.15   -0.50   -1.15   -0.92   -0.67   -0.80    0.88    1.20    1.64   -0.17   -0.40
 2023    -0.25   -0.35    0.73    1.95    3.99    7.89    8.40    7.85    7.40    6.96    6.76    3.72
 2024     2.21    2.76    3.64    4.61    6.39    7.47    6.79    5.43    5.18    4.69    4.11    2.32
 2025    -0.11   -0.22    0.71    0.27    0.88    1.22    3.36    3.06    3.12    2.04    2.34    0.23
 2026    -0.17   -0.15    0.48    1.65    3.32    5.26  -99.99  -99.99  -99.99  -99.99  -99.99  -99.99
  -99.99
  WHWPa
  Area anomaly scaled by 10e6 km**2
  Monthly anomaly of the ocean surface area Ocean region >28.5C
 in the Atlantic and eastern North Pacific.
  Climatology is now 1991-2020. Wang, C., and D.B. Enfield,
  2001 : The tropical Western Hemisphere warm pool, 
 Geophys. Res. Lett., 28, 1635-1638. 
